1237666464259309649
1237664669496901800
1237652947992903718
1237657591927603359
1237648720690348186
1237667211579294041
1237667430624854489
1237651754533716091
1237652901824167952
1237670961081024543
1237651274031628617
1237659132218114242
1237670960550379603
1237655107838935078
1237657774472495275
1237672838522470550
1237651701378515079
1237655369829908509
1237655108379738175
1237651800699502614
1237662525767680087
1237663787963187282
1237665368500076598
1237667536924377424
1237664853118156875
1237661362375491619
1237661070868349088
1237668296602288233
1237654653107634348
1237667781742690468
1237662339475308585
1237667255615750224
1237661874010259778
1237652901310496897
1237663543137533980
1237674371288727597
1237663782593495187
1237664818217353247
1237656562749866126
1237667211590828072
1237648722842419332
1237673429619507701
1237660583368196136
1237648721768153152
1237651539783647396
1237662301378183537
1237660634384433275
1237673741010338232
1237673706651124141
1237678583577706599
1237657775009300500
1237663230162437382
1237669763332309123
1237658205579575338
1237671690153296015
1237666299481030798
1237667734500671512
1237655474512462456
1237649961921872049
1237662238548754455
1237657858219180076
1237665098453418041
1237657628442099799
1237652900755276013
1237658614131982371
1237659932686156735
1237663783657275496
1237662193463460023
1237673739933582456
1237655370369269835
1237664289390854166
1237660563505152320
1237670456971100252
1237658802572361857
1237663445443018897
1237667212670533639
1237664836468473947
1237659935907775425
1237655129305972817
1237663782600180056
1237658493348282486
1237652629102133400
1237667254545612882
1237667287812079721
1237666243611721845
1237661435928772723
1237670959482470410
1237667912210186363
1237667143397998859
1237657071697199211
1237653587405373860
1237659936437371225
1237665227302567997
1237667783376240813
1237669518509080688
1237657874869911806
1237661435921105130
1237667537998381222
1237662301365141735
1237662263785619531
1237664093435396381
1237669703194574854
1237657608035500234
1237667142325174536
1237670458576601092
1237652943695970349
1237662197747089505
1237666301628252323
1237674370751201930
1237674370756444374
1237651190282125453
1237657606966739009
1237660636524118126
1237652949066383465
1237661872399974436
1237664879950233717
1237660613436309578
1237656567582294239
1237660241387126921
1237671940878696588
1237659931606188410
1237648705120370702
1237662333029843099
1237656237398622495
1237674473291710623
1237660344997577088
1237664834859958275
1237667209979887706
1237661416062517314
1237667429565071473
1237657401336201582
1237652901849268474
1237667549270180006
1237657770174251129
1237666433653080513
1237654879125110880
1237672795570700463
1237657587096027320
1237666185626255857
1237660241925439639
1237662662136823858
1237667550881054920
1237660764842033266
1237653652920467460
1237651191889920130
1237669696761102381
1237662225161977961
1237666435260875365
1237662264316723388
1237656528921362800
1237668502756983085
1237670459651129446
1237657594077511994
1237662238543511820
1237657873795186781
1237651271356973202
1237669767620591794
1237658492259074144
1237668756700595004
1237662237474619434
1237678617437077629
1237656568111759431
1237668332037997073
1237666430429628653
1237664668445376749
1237670962161909884
1237662664285028557
1237660765910597898
1237671764245807136
1237655463238893722
1237658492795420889
1237663655878983756
1237667736106565737
1237658916382900265
1237665097919823923
1237657877000945962
1237651755077599365
1237656538585432101
1237665569302052881
1237662662674022488
1237652943158771796
1237663271481966970
1237654652570894358
1237660751945203961
1237661383846199461
1237655371442880569
1237659327095505068
1237662238554128713
1237648704586973497
1237671066844922088
1237660343397449921
1237659163879669861
1237671561845014599
1237652943710388476
1237674371287023821
1237666090588831963
1237662637978681536
1237662661606047824
1237657071697199254
1237663233911554164
1237667142322159689
1237667229296492552
1237652598500622344
1237654399162384431
1237661435928641623
1237668270821343269
1237668297666003117
1237664092898525449
1237663782593167539
1237648703504908321
1237658493342449739
1237659931075019458
1237654948372086950
1237659326030217393
1237667254014640294
1237661967971319851
1237655125547483216
1237656971300962386
1237671763711426671
1237648722281103952
1237673452707119901
1237658612520124425
1237674365918118476
1237651274026188983
1237674461480419674
1237667292658466882
1237662197747744862
1237661434320519497
1237648704578322478
1237657191446478917
1237655124465942637
1237655348889649185
1237663783138492617
1237660562967494865
1237654030330232874
1237667430624002450
1237673452708169144
1237658916383883290
1237671685321064838
1237674653679026199
1237664837007704254
1237658205584687295
1237671970939733476
1237667292653093055
1237673705041297475
1237671260661022804
1237655502420050108
1237668299288150185
1237654653633823033
1237671167242797197
1237661967969681483
1237667208356888970
1237664130473459800
1237668270822391927
1237670456967495918
1237668298748788802
1237673452699910195
1237666215691681901
1237664834854322461
1237653616400138404
1237673756573893309
1237666429894590639
1237667206753026095
1237673807574206701
1237669703732494395
1237651538716196976
1237662500549951952
1237651251477872995
1237664294222364922
1237652901832622122
1237661388146868337
1237657594076659823
1237658492805513450
1237661951329501249
1237667448873287695
1237674649928990809
1237659150458159106
1237674649924927541
1237664668434432070
1237680315522875796
1237680073396322379
1237653441912373397
1237667209988341805
1237667431181320217
1237664667351318534
1237654605873676503
1237661812809990194
1237658203976761385
1237668293373722808
1237668293908561940
1237655464849899522
1237663235516466951
1237671685321064504
1237662636377178130
1237668495775760418
1237667550342676544
1237663783671300203
1237664295832715280
1237661386542088353
1237661871874572350
1237651249895440465
1237668314846920746
1237665024906166279
1237673706113925663
1237665440983548080
1237657879149019499
1237655108918116466
1237664131019047110
1237650795674206863
1237662238549409824
1237668271895674976
1237667782312853520
1237655374652768397
1237660241384964423
1237662300833775882
1237663272553545743
1237678620081586234
1237655692481658957
1237672765510451457
1237672796106981450
1237662238546395205
1237660583371538648
1237671958060990566
1237661357543129161
1237651272430256299
1237653613181337648
1237674650461602044
1237662264848220348
1237661872946544649
1237655107301670959
1237667447810097380
1237667538012340409
1237661967966470181
1237667783383580796
1237661361840390169
1237657607503085742
1237667539085033685
1237661358079475815
1237665127482982540
1237660764306276472
1237659149384679484
1237666209811726435
1237650761857892378
1237662197749448710
1237665179522236595
1237655370369400847
1237668330954424600
1237658493873225812
1237670015661572245
1237666406868451841
1237673284662329378
1237655109454856213
1237674365916741880
1237661152451166245
1237649918967414857
1237652900772642960
1237668352428670994
1237659329776123961
1237665330917212241
1237667783909507093
1237662335717802208
1237666407381598270
1237665331461881887
1237657874316460091
1237657628430303363
1237664854183903461
1237660764843671586
1237653651838533692
1237651539241402445
1237673706110714226
1237654654176591924
1237667211039211966
1237648705128169576
1237666462650466695
1237666245767593986
1237660764844327017
1237669765478547628
1237668294449692700
1237651754549248037
1237657119478579418
1237678617406996707
1237658303278350414
1237661064408662101
1237659149388284072
1237654599953547428
1237671142011699202
1237655464317747254
1237649961920299098
1237664835927212131
1237673741004833372
1237662662675333192
1237667731266863224
1237664294221512908
1237663783668875324
1237661387078435130
1237658493337338111
1237648721233575985
1237667255078486163
1237662303513870533
1237671991875403796
1237667252945289334
1237667536924967173
1237664294758121517
1237661125607489856
1237660636000354370
1237651539799244814
1237651538172117213
1237663784204370059
1237671168318504982
1237662197747810427
1237661137425072203
1237656971301027911
1237667910600425592
1237670959484240649
1237664093436510455
1237648720167043078
1237661361843339326
1237667783360446756
1237648720132571882
1237652901842321532
1237667782856867930
1237662661596217410
1237654601019228339
1237668704614810051
1237659161733759033
1237672796113403992
1237652900764844117
1237671140403707917
1237665129082257545
1237660959178621198
1237673430693445984
1237664869217206278
1237654605326581844
1237663783145439247
1237667782813810984
1237670955718606992
1237663229625107926
1237660413188898912
1237667447807344741
1237651753486778411
1237656909037699179
1237661465994723462
1237664879951085785
1237663233907361064
1237648705114079267
1237663785278570530
1237664819284410388
1237657606961496278
1237651715337683264
1237667537999036540
1237661388683477030
1237657118404378636
1237652630716481660
1237655493832278061
1237658200197300407
1237659146706223147
1237657855528534055
1237665126928023568
1237666309632622856
1237671166708285568
1237678617406341193
1237660635996946503
1237666215681392783
1237671260657418768
1237662663742521435
1237651496290484360
1237661087489327568
1237654604785647752
1237666090052157505
1237667211581653055
1237661871867494483
1237659935363694920
1237665533326721095
1237661811198722199
1237671262809751685
1237658803108774081
1237663204920262787
1237659932685829187
1237659324422029789
1237658205565091928
1237652936181153898
1237653651302776856
1237661086951473614
1237662499469918260
1237665129082388520
1237658206111596744
1237651312143106171
1237657874328780909
1237651753491365924
1237666310169821298
1237671124301185221
1237658803109429318
1237662636365185041
1237671940884661141
1237652901825544285
1237664880492281931
1237665441519697928
1237668298215915586
1237663542604202016
1237648721206968398
1237666301639197122
1237662225665032208
1237648722845106229
1237663234449408201
1237657630041768144
1237665582184792242
1237673841933550300
1237661434310623442
1237660670358192151
1237655108367351873
1237667255089102996
1237662336794099921
1237658203964244102
1237667783343210921
1237662225154965654
1237671124295483512
1237657856605814872
1237651251516145703
1237652630710714396
1237670014591041596
1237665331461619828
1237663782599917570
1237659145096331371
1237651496827093264
1237654601019490604
1237661813883863080
1237648704577274008
1237659327089737766
1237659150998503514
1237662302978703423
1237673474173960338
1237667916488573060
1237651495760953452
1237662498395586592
1237664875655921756
1237673430156640627
1237658422487089325
1237662195594297454
1237662701873070565
1237660637075865753
1237661069264945380
1237668681534800734
1237662301902667874
1237663716017766418
1237660635999305756
1237657612337217572
1237668271381020689
1237661357535199396
1237666213540986886
1237658205049782322
1237668289620672676
1237657119477596337
1237652900758552681
1237660344475713621
1237665569298317678
1237649920038731899
1237661434308526131
1237658425165611023
1237674650457997372
1237660612905795756
1237658201811517547
1237653007584198992
1237655691402084376
1237674365916348652
1237668736832176196
1237651538188435492
1237671992957075511
1237657591931338837
1237652900223254555
1237661138497503408
1237663478722789467
1237659935906988802
1237660343926980748
1237663783129907443
1237678581443330231
1237660958105010270
1237661971726532683
1237661150844551265
1237655504571072541
1237654029792444468
1237661874010390571
1237671767468736868
1237661874004951257
1237655744558923849
1237667211058413621
1237668735216714031
1237660413725901001
1237657191976730845
1237669768158380225
1237658493878534330
1237667781748523137
1237660240313974870
1237667551422775298
1237673757110764256
1237663543144022340
1237672796113535073
1237667212665290919
1237651274041327716
1237655499215012087
1237671958060793976
1237656538048954591
1237657586562433204
1237668331493195944
1237651737386811442
1237662224072376444
1237654605858078753
1237667254555705382
1237667538549735473
1237662500552507496
1237678617936068886
1237666213533515858
1237664817679237274
1237652943173845058
1237658493884825621
1237674649392316616
1237662239091130544
1237661435384758320
1237668680456405281
1237668350817927278
1237668678845268058
1237667255078223996
1237663918416789637
1237663479797842028
1237667209992143119
1237671257971753087
1237666228591329766
1237662263248814138
1237657070090256480
1237666464803652020
1237665531715452964
1237657118940594359
1237666406847021187
1237671068992930294
1237661386533175313
1237665023836487735
1237668679927727164
1237663716018290706
1237663238739919013
1237651753460170866
1237667143401275403
1237671141477777439
1237657118943281408
1237667782834651184
1237670458581581939
1237662697034088536
1237664869207376117
1237655108916805666
1237650796746769010
1237659161739591800
1237662225145921632
1237673706113335647
1237668352966197300
1237657628968747256
1237666434189885501
1237660344471322765
1237678617433931852
1237663277924352044
1237662224087187519
1237662263239377086
1237658312406270112
1237667915418828829
1237661055281595068
1237667255079075946
1237658204515139586
1237673739931616641
1237673710398210205
1237654600495333676
1237667536397336804
1237670014581538854
1237650762387423298
1237663543145201859
1237661849845366920
1237669767626686550
1237668584892792893
1237651271887421511
1237662640659824826
1237648705668186382
1237657774473740667
1237655499199348806
1237657221484642402
1237666301631528974
1237670955714674763
1237665530635419769
1237657586562498718
1237656243318161576
1237655124473872407
1237668735758434488
1237680251100856395
1237656537515884625
1237655504032825526
1237664295832518728
1237665429181104158
1237659326017241128
1237670956788482070
1237661967961686138
1237665442051588156
1237652946919096388
1237662702400241919
1237671970399912185
1237664669519577143
1237654605333725309
1237666216224555333
1237664289937358990
1237654652034809892
1237652948528005130
1237667782823444519
1237671257971753052
1237658491211022680
1237648721748033701
1237648721230561322
1237664837000298634
1237648703511134284
1237663546903494666
1237667209987424313
1237652946917589009
1237651213360038001
1237678617435766953
1237651753997893838
1237663531325456531
1237663234449146234
1237671261193437867
1237651496290353229
1237657857146880162
1237662341084020833
1237670459118780431
1237656242236489889
1237667107424698825
1237663783678836918
1237662264313118910
1237661874010980519
1237657774460502516
1237667254007562373
1237668625694064691
1237667550342807588
1237670456974378027
1237658201275039961
1237648721217978413
1237673705575546931
1237659163888714036
1237667911668662399
1237660635458371747
1237664836998136283
1237671125378072587
1237667206752502003
1237658613053063309
1237651191899357266
1237655107294199957
1237679167160254472
1237666228570161716
1237673756576907880
1237662262701916423
1237666243612115113
1237662225671651362
1237667322715897976
1237658203436744710
1237661069259046966
1237664339319259227
1237669702126141539
1237656530530599033
1237659162275414035
1237665129618735172
1237662224087908644
1237662266468794423
1237667537993662810
1237667966421106690
1237649961383559185
1237662300837117973
1237667444041318544
1237662245521064233
1237661086414733762
1237661068187795499
1237655126079766593
1237667254545547376
1237667253454963067
1237671685857870108
1237651190819258489
1237651250946310247
1237664296370765937
1237680327877132686
1237658801505370183
1237661388678627410
1237673453236518927
1237670017262419987
1237670458039599394
1237666274742829181
1237668336320774194
1237651539781484582
1237664668961144926
1237655369816277004
1237657189815353609
1237660413184639166
1237667782308986985
1237648720132309343
1237657595688583269
1237669766552223949
1237650795672961618
1237663268797677589
1237662267542208603
1237651271904854151
1237667254534144113
1237657627916566585
1237663782596771854
1237670014587830448
1237662236401664094
1237662262712205379
1237651250946769046
1237666338651766938
1237659132207628451
1237661360231022620
1237659932686090960
1237671938737307796
1237657628440264708
1237674370748842387
1237657771780145197
1237667781195792566
1237672817587126439
1237661212044623905
1237667255071277276
1237648705115979778
1237667551416484008
1237661465994461315
1237661817101156453
1237663544222613862
1237648702973870086
1237673703967359153
1237659934827282660
1237662637441482771
1237660615584710710
1237666275818799315
1237655108379213931
1237654953207136491
1237663783137640662
1237661122387378362
1237666429357981784
1237662663211483220
1237663782590742664
1237661433783386114
1237668584356577404
1237673283589505114
1237662195608322091
1237662225667981443
1237656241170350357
1237673738324082867
1237671261192651609
1237667322716750021
1237652900764581947
1237667911126024249
1237648722307580047
1237651540325761176
1237661970645647400
1237671129121816698
1237648705118142605
1237658304886341806
1237665442589311032
1237658491732164707
1237674462024302749
1237658492799418514
1237667540677492770
1237659162809466890
1237674649925451786
1237657634338111645
1237666211927949388
1237666209801699358
1237651213896843455
1237665101677002795
1237648722306465951
1237664295297417223
1237652947995263110
1237671685858001098
1237680309625880791
1237671141484134637
1237651191885725810
1237649920575995958
1237665179521712232
1237654954279895319
1237651737388122353
1237661950257922100
1237674365916807731
1237662263785619772
1237650372098392167
1237678596461167090
1237666428282143298
1237659326018814129
1237663543678075424
1237663785277063312
1237665442072166485
1237667254544826392
1237674366453284887
1237651203694788671
1237671566672462099
1237653622297985539
1237651272978530347
1237651250988384554
1237668299282251785
1237657628968616290
1237663542608724287
1237651753994158134
1237662225140809834
1237662962781782778
1237661972790050928
1237664295832846433
1237668496849895586
1237663478722658519
1237663234989031492
1237658613049917495
1237655463244070928
1237652942097219656
1237657775546302644
1237658203434254357
1237658801506156601
1237648722319441950
1237673807579840615
1237660634390331501
1237664093435658271
1237657774998749245
1237664337709432937
1237671764248166461
1237662264329765097
1237663784210923621
1237668336859414766
1237660241925505053
1237667212659916844
1237652901292802229
1237651737391530023
1237661418211573775
1237666213543477482
1237668270821212255
1237671261193371931
1237662305665155115
1237667733982085295
1237673705574826574
1237649961918464226
1237667207826440262
1237665331462668431
1237671261198286979
1237671140398923815
1237671764246528036
1237655502427587072
1237661087489458478
1237652899690119356
1237661088026263848
1237665367428235383
1237667253472067713
1237654609604313105
1237668706762686483
1237648721743381194
1237663277923631268
1237666300554575925
1237650369412595867
1237666463724798219
1237660936090681403
1237659932148892543
1237667912210251923
1237679338958553222
1237650796747030942
1237657190903447554
1237665428109525190
1237659327109726257
1237652616741584947
1237663783130824770
1237648720154001456
1237661356469256340
1237653664720027652
1237662225683185718
1237651496829976879
1237666215154811189
1237664130485649430
1237673739934433515
1237673739396449057
1237674368063832266
1237673807036876100
1237657774464499956
1237666275271835911
1237661068185370714
1237658304355565572
1237663230702190639
1237666340799840443
1237659931606188412
1237655107837689867
1237667783348715815
1237661852019654658
1237667966960467998
1237680327876346006
1237664093430546559
1237672794495713286
1237667210509877431
1237673756578414648
1237662302439342328
1237667229838868492
1237665101136724013
1237661813345681558
1237663783676149916
1237648722306334726
1237665532789850152
1237673472026804234
1237667444048789793
1237667229301866655
1237657189836390449
1237668350286430263
1237678601849274482
1237658204505899085
1237658205575250039
1237662225698783432
1237667912754921531
1237651701914861676
1237656241169694787
1237662962783486188
1237651800160600073
1237661139030900943
1237659329779466341
1237652901825609791
1237664879955214371
1237662263244030000
1237667212122456193
1237665531719581714
1237670955714084874
1237666338651963412
1237660344460443907
1237655108380328066
1237667255619026976
1237671129658556463
1237671690690888063
1237665441514389547
1237667292653224141
1237661434320715996
1237667447811014708
1237652942100168770
1237660024524767238
1237660962397683847
1237654604247793831
1237672837985337495
1237654654182096998
1237663543151493300
1237668355109748849
1237661069258653717
1237671123763069165
1237661212044099632
1237662663216201956
1237658303817449478
1237655504032432258
1237661150304993479
1237648702983372830
1237661813884583987
1237666308022861902
1237652946922897444
1237668299286839348
1237671067381661871
1237667324330639397
1237664132632346678
1237663229069951036
1237657629508436119
1237664668981002252
1237658611446382778
1237658204510027875
1237655108917002342
1237657190904561666
1237673703965000126
1237666226959221588
1237664820356251718
1237665570901918089
1237666407382712326
1237657069550043201
1237669767083917524
1237662225668112472
1237666301627531403
1237656539127087175
1237661137423171592
1237672024623349891
1237654344936980500
1237651273513828431
1237674366993039544
1237663238739918916
1237657774460960860
1237658422487875790
1237662225682006032
1237680240901685274
1237664670057037886
1237654949452775642
1237652900771725430
1237667733958688785
1237662529532985403
1237668272432218245
1237679586452047441
1237653612113166587
1237668297670852767
1237652944769910148
1237648720159899687
1237664092898525356
1237668737369375397
1237662262175727964
1237658917456314424
1237656567585767536
1237658423005741072
1237664668424470744
1237670961629626656
1237661065477226684
1237659150458028261
1237659326566301709
1237664668976676902
1237664289392951482
1237654602099195932
1237665442587869190
1237653651839320254
1237657119482970126
1237652601171804470
1237653441376551006
1237655504574349780
1237662302986764292
1237655463233126486
1237660344472567814
1237666091130224932
1237670961091641871
1237669701052792892
1237648703510216764
1237655109448761458
1237663230700553063
1237673706652434744
1237667783343472717
1237662238011883562
1237657606961561813
1237663782600179854
1237668349213737140
1237648721759240201
1237655463785267213
1237661433770410136
1237648721218961430
1237671765319680256
1237673709326172550
1237662664284045442
1237661852002943095
1237670961086726182
1237672843356471375
1237664836460872054
1237648720694018091
1237659146706419810
1237673738324345202
1237662474236461093
1237655107297542193
1237651273509568549
1237658312942878780
1237678617433538635
1237666245758812194
1237671266567454990
1237662225667653743
1237673758184047226
1237661088025870944
1237658613053521951
1237673756578349394
1237666435261071907
1237663478722265195
1237661974399615119
1237661151377489961
1237663278465941627
1237671264959004766
1237671257434423472
1237666213540856143
1237663478723117135
1237668297666199644
1237662225687511394
1237666215686111392
1237661056355139829
1237654380902678648
1237659154215993544
1237662696503967945
1237659161201868813
1237668290157805641
1237668292835606598
1237662238023024866
1237657770711187526
1237668611197894779
1237648721231740965
1237668680455487543
1237674459872362687
1237660937164554406
1237668679927727264
1237661086417355303
1237658422487089232
1237662225129865234
1237671128048402442
1237648705130266723
1237670017272578249
1237661149767335974
1237655742953029648
1237663917345603734
1237663457778467115
1237666338652356612
1237650795136745590
1237658206124048423
1237660670888247300
1237668293373394956
1237658423023829005
1237662662668648530
1237671122693390375
1237663231217041794
1237671266029797650
1237663716556406816
1237657775007727666
1237669763333095762
1237668271900786702
1237666275824566559
1237668297676423262
1237648722839011383
1237665440441958470
1237661970111398197
1237662500006068420
1237668350278828098
1237674650462191709
1237660241923276981
1237650796210159664
1237658614127067175
1237660344996987247
1237667781238259718
1237652900219453471
1237658612520976489
1237661212581560360
1237660413184573580
1237668678850708879
1237662662668386341
1237655349425930336
1237666244134831144
1237658205579116600
1237678580369129729
1237652901295292476
1237662236396748940
1237649961917481099
1237666228575011546
1237651495757480197
1237660764844064964
1237661381695570161
1237655123930316842
1237662337330511997
1237664292072063061
1237651213361938541
1237665428646330418
1237648675066871862
1237652946923290826
1237656242780438627
1237671940339466399
1237665226768384014
1237668289615691925
1237649963527372900
1237663275778375685
1237664289387970701
1237667783899152578
1237667254003040262
1237648720698081304
1237667253991571825
1237666299490992443
1237652901820956775
1237648703521620080
1237667210512629810
1237671956449853478
1237666091125768275
1237670962166890762
1237657628435284196
1237667322172670035
1237666338115223625
1237649919500419103
1237667254008152234
1237651250409111743
1237665127992197223
1237662662131712132
1237678437015355395
1237663784195850375
1237664669513089132
1237663543148019758
1237670459113341142
1237655349425799350
1237666408439218195
1237662475305222396
1237657773931102246
1237654398079729667
1237671764783202370
1237670017262289009
1237664670050156724
1237662337872494814
1237657770711187488
1237651496289435892
1237663783677853770
1237662300831023106
1237664294222102580
1237660959179080181
1237668625702649900
1237664667897626694
1237668336319004994
1237668289619820726
1237663784212562064
1237655107306258611
1237666275816964180
1237660241923735761
1237663543148675253
1237662264323080361
1237651821100728340
1237662662674284594
1237667211585716346
1237666227491373310
1237658310796509313
1237652601171607628
1237666213540790429
1237659326568529950
1237664296369193180
1237653651838337067
1237666244673209040
1237663785282174990
1237665536006226338
1237666089515614389
1237671128048730178
1237673757649208496
1237662224072900655
1237671266567127303
1237667212665815187
1237663275777654905
1237666244671111482
1237661465448874112
1237667254018310358
1237657774998028457
1237657873795186768
1237655502422147467
1237655125545844813
1237655107294461984
1237649961921085629
1237660764829778672
1237651538725437605
1237651496827617758
1237670955716247601
1237651191347217049
1237659119872442376
1237670965387001875
1237648705121746983
1237661813883142188
1237678585188909205
1237658425151979602
1237656496715530502
1237663544219926643
1237669762794717696
1237657190903840892
1237678580368933037
1237665440440844368
1237663542600729064
1237658313480798242
1237649920581500952
1237680070171623433
1237651274045915248
1237662302430494726
1237662225146118172
1237673706112680249
1237659324408332443
1237666465339867140
1237665535469748288
1237662198284747003
1237663784742420534
1237667254018637966
1237654651498135561
1237657774472233162
1237660585519611910
1237663783127482375
1237668495776481334
1237654383592472580
1237670959476048105
1237665026516713587
1237668354039939257
1237651271894302840
1237667254534668541
1237678617939542356
1237666408456913022
1237659144559591428
1237671168318111867
1237657192515960963
1237667783910555777
1237670016735641714
1237671969327153511
1237667911680393258
1237664286704075385
1237663239272202347
1237648704046956586
1237668292837441577
1237663784747794477
1237664092903702559
1237654605335035996
1237657774999863437
1237657606419775516
1237652935645003971
1237658203421147176
1237659326022877345
1237652933493522820
1237667292647850101
1237673808654696884
1237662662674743329
1237656532678279583
1237652899161637049
1237667209974382670
1237657241895764047
1237652900774346849
1237650796209963277
1237663277926645957
1237663784206532842
1237674648850661400
1237671142013730863
1237658423556898825
1237658803104317570
1237661151377489944
1237660585519939612
1237671691227037774
1237668727163650279
1237660025032998999
1237673739932467802
1237662225671717175
1237666407923187753
1237663542600402103
1237671762635325524
1237659325481287711
1237666407366852773
1237663542611345454
1237672817050190035
1237671073296613576
1237658203987509369
1237648721760223303
1237674651536785573
1237659330849013936
1237662263238394000
1237655108379672741
1237648722313084999
1237666338114502754
1237668289077706980
1237663783138623560
1237651538178211848
1237651204231528489
1237671073297334338
1237666211927884141
1237651066277134521
1237669768157528232
1237651534408974430
1237668293372411974
1237663444905951399
1237667253989146830
1237662236943974453
1237662225156669492
1237653440840269826
1237665357232209952
1237661070868152365
1237656563287261421
1237657770168549455
1237671688005353799
1237667550343135368
1237663783125254301
1237666340799643682
1237661949708206192
1237668272969416786
1237662238543183950
1237660637061382296
1237660239777759267
1237658493342777378
1237667206752567654
1237669516361728280
1237666433116668192
1237663544213963026
1237662264313184264
1237662268611232139
1237662224598171739
1237667781195989371
1237667911136903298
1237660240312860928
1237661059574465611
1237662341087756362
1237664834860220470
1237661212580642852
1237663457778794826
1237673741010141726
1237674649392316465
1237663529724084438
1237668757774664592
1237666300553658446
1237664668429058099
1237673808651550936
1237660582835716135
1237671769616744455
1237666214075236501
1237661850944667770
1237671140935925900
1237674460409102720
1237660635458502700
1237656243303678667
1237667252944764979
1237661949719150621
1237663204919410847
1237671958597665095
1237663543679975515
1237666464265863313
1237664105779232788
1237679438282555394
1237663784742486209
1237651271366869035
1237665179521646730
1237671763712016681
1237665569833811978
1237666215690764489
1237665569829158979
1237648705652850752
1237672795032846468
1237663204917772423
1237661850926121101
1237679338958815244
1237649962997711011
1237664667891925008
1237652900763730068
1237671257434947635
1237657119477989491
1237661356462637088
1237667291569127842
1237673843544491238
1237665427557384339
1237667211584733195
1237665583260696588
1237664296369258592
1237673739933122669
1237649921111621866
1237648703505236059
1237665127491502365
1237662237470097521
1237668494702280835
1237671166707630240
1237650371562373163
1237667551414976664
1237667227147763842
1237668298208313358
1237662262169305375
1237666302164467782
1237661851462926538
1237668591339962452
1237659132217393402
1237658298982531090
1237674473828909194
1237652901281792179
1237661381696684092
1237658611978797104
1237662263775985773
1237648703512641552
1237664668429123740
1237670015119917071
1237667730733990194
1237653008657547436
1237657606419775618
1237659330317516884
1237673016764923909
1237654651495383068
1237656242780307644
1237671567746269388
1237666090057072677
1237666184561688674
1237663789027229780
1237654604240322821
1237657610723000414
1237655106769387529
1237661384382939313
1237666463730237469
1237656906354458643
1237651540312850585
1237670459120025811
1237650760242429988
1237655125008908401
1237671936042205302
1237658493359030348
1237671166707302575
1237671766932717792
1237663783662256172
1237651271898759342
1237666408479261473
1237667255613522115
1237662301915644139
1237658611442647116
1237671068455469205
1237655497588605039
1237652901845860467
1237672843356078273
1237672795569913909
1237658205050568752
1237667212665684015
1237668494705426563
1237666216218001574
1237664818216435801
1237660412110110785
1237658204500983818
1237678581443002584
1237668727699603551
1237668296598028479
1237663543148478511
1237664292073504783
1237668758847948447
1237661812271022125
1237649961386442858
1237661387078435097
1237664293685493834
1237663784201355326
1237668496853172299
1237662263255171103
1237657873790205969
1237664837001937073
1237663782601883718
1237657627907063979
1237657119483560122
1237671971474374680
1237671939268149436
1237662262712991875
1237664290471805113
1237658492793716781
1237652900758749247
1237671561306374198
1237663782596509755
1237674369675100851
1237671140400955628
1237657775534244385
1237671764782678189
1237667538008735820
1237667212676628618
1237655742952768031
1237671768006721626
1237662696493219845
1237662268617195627
1237658205058629635
1237657189835210807
1237662262164848680
1237661873473388583
1237658492795813976
1237671696061039227
1237667539085099159
1237662224608657568
1237658802574655558
1237657607497777365
1237662237470556221
1237674370753429849
1237666430429694106
1237662225129472100
1237656971300503668
1237658917993513056
1237651752923693161
1237650762390110276
1237662238553997446
1237678584112349277
1237657190909345806
1237674649926566085
1237649962455203916
1237667446731767864
1237651067885518962
1237667292109865357
1237667536398254187
1237661968500129954
1237655502961836186
1237671773907386467
1237659325489152345
1237652629095645303
1237657776082256061
1237665442072559654
1237667324326576132
1237657627897299247
1237658613057126433
1237667142856868220
1237665442588327948
1237663479796924497
1237671991346855979
1237665584336535782
1237653664182567040
1237661852535226458
1237668495779692733
1237657606961430612
1237670359253647624
1237662661595103296
1237671764783005703
1237653665259061426
1237660937166127328
1237674365380788362
1237653665251786863
1237664875114594566
1237660613436112947
1237666216222261419
1237659149925416971
1237668757236614784
1237663783136722981
1237654948377985071
1237662301378118112
1237678580369719341
1237660613435785283
1237662196144930938
1237655472359669892
1237654948377854181
1237657594070696086
1237663542611607566
1237666407918141594
1237659327091966037
1237664667360755731
1237671165634150517
1237661464381489353
1237658203434254374
1237669761184956570
1237668679382073431
1237674651003191365
1237661068187926653
1237667536382722766
1237667292111634589
1237662224076963989
1237678617436029061
1237656242764972311
1237661151377686534
1237651533873283265
1237671763172982973
1237658492269232209
1237661381701992483
1237662226213634186
1237662641196761417
1237663782594740251
1237680301027492221
1237671068455535038
1237673809721952010
1237649921112670419
1237663783144587309
1237652899135946840
1237651496826896813
1237655109444567100
1237663530253025660
1237671566673903668
1237671938734424107
1237666429894132000
1237668271896264826
1237653664185974893
1237649921112211474
1237655370357866704
1237657773924417561
1237655108367482919
1237661852539551785
1237667207287144705
1237666244685660295
1237666338650783765
1237656241699946777
1237670961629495748
1237665101679624219
1237657627897233501
1237674459871904019
1237648721785716924
1237672841208463371
1237670955718934659
1237666435264020775
1237665442073149765
1237666244133848745
1237661872410853383
1237661873491476553
1237663783127875626
1237678617431113801
1237651252589691130
1237648705120698389
1237651252560330984
1237653440301629549
1237658303281430636
1237657587096092765
1237651737908084826
1237663479259201796
1237671768003903538
1237665369575325710
1237674648856101097
1237651274025795990
1237663543148085488
1237671991347183703
1237661949178085420
1237659935369855732
1237662264323473530
1237661065487384662
1237661966350680116
1237662194521407594
1237667550876926076
1237659935900762719
1237653440839483474
1237679167160647827
1237661464920457806
1237667537461706814
1237666407379959947
1237659931075937186
1237661064413249567
1237658302743707788
1237661088025739577
1237650762930651166
1237666430965187061
1237667293190422673
1237652900755865602
1237657770705223719
1237658304888504379
1237662224066150482
1237658205584425134
1237655130909638854
1237663782592970754
1237662337873543635
1237666275289006312
1237670965919285419
1237667736120590352
1237660634390134833
1237667252933820596
1237651540315144372
1237653651310444803
1237666463193104613
1237663543148413189
1237658206116184189
1237658493885153397
1237663543143563571
1237663543685677264
1237648722297028733
1237671067919188394
1237674649929056272
1237665442057355396
1237658205587963919
1237654654171021743
1237673705040773406
1237664880486187193
1237648704041910318
1237660343399088239
1237665016850677788
1237659326021894380
1237663543144743297
1237664668445114477
1237648703506022432
1237661387079155726
1237654601020014880
1237664854716776591
1237667227692826785
1237664667891925043
1237665428636827713
1237674290755142104
1237661381695700996
1237667783896006682
1237667536919330917
1237655107843129459
1237656569184584000
1237657401335152962
1237661382771671181
1237660024520704050
1237651251477086283
1237660413188571415
1237661358616477933
1237667212660375688
1237671168318701791
1237663478725083141
1237657595687010696
1237670015651676201
1237659931605991956
1237663232837026031
1237662499469983862
1237668586507141351
1237661434311475295
1237658205051682879
1237661972798308380
1237665369036685330
1237673708790087941
1237657118941577399
1237668289078493301
1237662225145724994
1237658491737538672
1237678580903510311
1237661967961554952
1237658492280832105
1237664667898085442
1237652600634278133
1237658613052735569
1237668271896002691
1237652946386288753
1237659324952084679
1237662663748354243
1237658491737669769
1237663271480852511
1237667208361148701
1237663238204227609
1237665351854719141
1237670456967495909
1237660585519874194
1237678580369850585
1237673808111274009
1237674650465534062
1237658206120902700
1237662224066543665
1237654399153996020
1237668289083736145
1237673706112352942
1237680311773364360
1237651534409891925
1237659327104680071
1237653651310248093
1237663543685677068
1237673450552492318
1237672795033698415
1237651271885455377
1237674651536326702
1237656568119951612
1237657879149281369
1237678617429344281
1237655504036167979
1237660636533293117
1237659119869231156
1237661356462768254
1237663784217608357
1237656906348363846
1237663307993841791
1237678617401885028
1237674371288400006
1237656536979800206
1237667255615488062
1237660025031819406
1237661069235192713
1237656564360610299
1237657070088945705
1237668585967321215
1237678595928228169
1237674284852511125
1237663457776763139
1237671073297006974
1237651538715279481
1237666300555690070
1237667291574829451
1237648705131118610
1237660613436375057
1237663229608526094
1237657878074687739
1237654600495857811
1237670965387395422
1237662263249207720
1237661063879393424
1237657222557990989
1237670016725286972
1237658424617992436
1237669761185022227
1237660615584972883
1237661950271619140
1237660412114108488
1237659324411871471
1237656242774540351
1237667781763399685
1237665428646658573
1237662300836462784
1237648721217454313
1237656567585177735
1237666228033094850
1237653652920336591
1237671128590254083
1237667431181647979
1237663782599983308
1237652630712025227
1237657586030280810
1237663784214134827
1237678803164790928
1237648720701554785
1237666464800637405
1237657191981383801
1237657775535030681
1237654652571877448
1237663716017438764
1237662503763771773
1237666301094199391
1237662223510077458
1237657593536774266
1237666407379697703
1237649964067979324
1237671773906927907
1237670015119917058
1237678580906393690
1237661358078165071
1237655494906544446
1237660635451424790
1237667782810927286
1237651540320911496
1237668299278057608
1237652600102191195
1237648720697360394
1237668271363784769
1237667209980149852
1237652616205893665
1237655347819970782
1237667205678366948
1237651539246448775
1237671763709395086
1237667781206802507
1237663783660355688
1237658303281758404
1237648675604135990
1237673431228744587
1237657873794596877
1237663238204751883
1237658304892371196
1237661149766156295
1237651538167660561
1237666246281726648
1237663233912603041
1237654948377657433
1237665443125526560
1237668292299653150
1237665329850613891
1237648722279400224
1237651250988777658
1237659162808025237
1237662264855166978
1237666245222858754
1237678595932094756
1237655109450268822
1237664667907391519
1237673700742070310
1237660636525101320
1237653442450292786
1237678617429475405
1237652899699818708
1237663235519545396
1237662263238262890
1237668294446219425
1237671257976078383
1237649918426611850
1237657191976599825
1237667229302849644
1237657118405099590
1237663543139041990
1237663783129383063
1237666210321926892
1237658187313709392
1237662224062021638
1237672838522011693
1237660241388634324
1237654605336543507
1237656496706814382
1237656567584129299
1237680301027623380
1237658203437400073
1237666429356607765
1237663543677812818
1237664093971742989
1237659324949135479
1237651272962867351
1237651752923824270
1237664092903637098
1237668730921353824
1237670015115067544
1237669703199555729
1237657189835210803
1237660635460337792
1237667207826571450
1237674651536392293
1237678580905607400
1237654599952564263
1237663784217608302
1237665570916401851
1237671764785955212
1237669698908586310
1237669516898861291
1237657606962086167
1237652949064941668
1237661966357692529
1237673756040823470
1237662267543323020
1237659163889172819
1237667228759818257
1237662226225627273
1237657594613989620
1237662263780442321
1237652630715891836
1237680071782301852
1237671257978110008
1237662473152167957
1237656568111694428
1237669696766476420
1237666463192908119
1237667208361738452
1237653652913979506
1237663478721544265
1237662269148233966
1237649961385984060
1237666299483783296
1237663230146773633
1237667292648046761
1237662263791517719
1237667228230811712
1237673709861143563
1237653500970270738
1237671255834886711
1237661083198554448
1237663784202666039
1237669703195754537
1237673704499643095
1237667254534864957
1237668585967517799
1237660559744172395
1237655107831464108
1237658297913049284
1237659145096134688
1237657776082190481
1237671938740126922
1237666464802472348
1237673700742529120
1237667292653158405
1237671940342153412
1237661434857521432
1237651273503342604
1237678579295584529
1237671939813934880
1237648720696705139
1237663479796400349
1237652901309513813
1237658802567774343
1237664106315186406
1237663228540289858
1237648721227546650
1237651274029007024
1237660240314957863
1237665369038258223
1237657629504766325
1237673473645479393
1237656240626008320
1237663238741229613
1237655497601253598
1237667228229173483
1237654668661686356
1237649962459201704
1237661388150538468
1237670017274151086
1237673738320871558
1237663543684759738
1237666244136208090
1237652901309251722
1237673452170314736
1237670016193069196
1237663228534587732
1237657070629290019
1237670960014032913
1237667733959213126
1237673808648143671
1237676302948630990
1237651271355858993
1237661126154322090
1237666226964005510
1237671265493843976
1237652948532592746
1237648721742528554
1237668735221629568
1237666244670719630
1237669701589663774
1237648721222238421
1237657878074491042
1237680090576716071
1237674460409233451
1237662224056778843
1237671257438421108
1237663542612000982
1237660240312729603
1237661088026067062
1237667252917960781
1237651539800228223
1237665330400919655
1237660582835060820
1237668756163920741
1237654670814150789
1237674366453285533
1237671168315949255
1237673704501215894
1237663228536029202
1237661149767794806
1237651753998155895
1237649918426677396
1237661069235913580
1237670457507840184
1237650760786837700
1237667914340827315
1237680069633900703
1237673453244777848
1237660634386202672
1237673756036695882
1237661068712083486
1237663916268585150
1237657190367166578
1237663783125254331
1237657607498301671
1237657874332254302
1237672026242549248
1237666463726830059
1237655109442535467
1237664836460806409
1237666246282510964
1237673699668590660
1237650796210683981
1237672842282729551
1237667228759752749
1237656909037830359
1237676305094213889
1237672842818879544
1237666209245496196
1237665025981022392
1237667228228583447
1237678584651776240
1237663782590873658
1237670015656263877
1237668572006973951
1237667206211174468
1237669696761299255
1237664295295123481
1237666432579666266
1237655130385416359
1237678580906459142
1237667447809048582
1237669768163033108
1237667205671748367
1237663237130420299
1237670956251152392
1237652599574954197
1237655464843935806
1237652899164323971
1237663783664680997
1237670459117404542
1237667730193973864
1237671069529604118
1237668705693468328
1237673701815419069
1237656568111105112
1237652946380587089
1237663783123550232
1237678617399329161
1237655125542699071
1237655108904484894
1237679478538961155
1237680073396584565
1237670016735707238
1237651274041589919
1237676305095524626
1237660024495800603
1237651274028876137
1237668289621197011
1237666186185015367
1237663478722789579
1237662238011818128
1237663334299599567
1237666430428316541
1237658298449395818
1237661149767204977
1237673284126376278
1237663305844916230
1237673016764792869
1237663783665467451
1237674370211905968
1237663784195195088
1237659145632809207
1237670457509937560
1237665584873210424
1237673429080474094
1237651754004578459
1237674650999455811
1237657595688648895
1237652600649547923
1237663239271874746
1237662263242981433
1237680074467508508
1237648705653375147
1237671265495679020
1237661149767467162
1237663783128137853
1237667253468332168
1237660241926422627
1237649962994761784
1237659936443990776
1237667206209405483
1237663480335171700
1237671257439076368
1237663233903955630
1237661059573678826
1237660615050657972
1237667917025378394
1237657191445364880
1237673328694526225
1237671257982632061
1237662224615538761
1237663456704856667
1237663783121387702
1237662199364780431
1237663782591529074
1237653650766299167
1237657874864537740
1237665178447839338
1237663230698979399
1237667212122521678
1237663478723379409
1237658204521627799
1237667910595117152
1237672026242679511
1237673808650699910
1237666302166761602
1237672004760307394
1237652899161899047
1237666214080675988
1237657774463516720
1237651067892924554
1237667538541281455
1237660669807165460
1237668757774140582
1237666299480178846
1237673740468617433
1237663229614751861
1237666428819866937
1237667228766699645
1237658613053718604
1237664869207245085
1237663784217870362
1237663239271809092
1237653651845349511
1237658800431890523
1237671256372347628
1237654399690932397
1237673431228285139
1237652943173321047
1237652943165784360
1237670015651348528
1237667916493619424
1237673808651157560
1237667917035208725
1237666209250477406
1237673453244383432
1237661465984172197
1237663232830998759
1237657189840781502
1237659327095963857
1237670960014819621
1237671266569617580
1237671940889512272
1237655472363340349
1237666432576258316
1237667910607306955
1237649920582615158
1237651272978530336
1237678617432883355
1237671941424547297
1237662224599416946
1237671257445433394
1237672026780402641
1237666245207328159
1237666090051960893
1237663543681286427
1237658491737473122
1237672004221797593
1237663272557215964
1237673431227761126
1237657587097534607
1237672765521330313
1237654600496250986
1237667229302325250
1237661972788478116
1237660025065308286
1237670456965333140
1237666339726098491
1237661085346365554
1237669696766738627
1237669516370837834
1237661151378014306
1237658203977285675
1237661388696060133
1237648720712106170
1237674650462257356
1237673756573565535
1237660563504693472
1237674650994933824
1237666408479261275
1237656567040377143
1237662473694543929
1237668289084588110
1237672026243467011
1237658492269821984
1237662226203279394
1237671687468286014
1237651271357431925
1237654599960559750
1237669696760184932
1237664834859892791
1237663235517055981
1237668707303948335
1237667542287515778
1237668272432676937
1237671686931742743
1237658493342122110
1237653653450522737
1237667288347836599
1237650761858023479
1237652901824364681
1237664668966125712
1237649921118502978
1237666274213626089
1237653614255145137
1237663479260184659
1237663458852602080
1237658801506287853
1237663233908474752
1237665367964647526
1237671071686328694
1237668680463419402
1237661871874375766
1237663273098281256
1237657594076201317
1237648722296963301
1237670961091707008
1237658304354648109
1237678617935937628
1237663478722789672
1237654604241043647
1237657594077970696
1237651801772982372
1237663784213545104
1237657190914654349
1237673311502860540
1237666299483717722
1237665428100939947
1237658203418067197
1237666228574290113
1237674284853821856
1237657878074688117
1237663233373765981
1237678853627511141
1237657189835538607
1237666464803389588
1237663785277391110
1237673710937506370
1237662196131365053
1237669702658097224
1237656567045881877
1237666302167679087
1237663458851094974
1237667542291447921
1237662198818931105
1237658493885808776
1237657070090387639
1237666465340916002
1237657190369591529
1237663478726656079
1237661126144098975
1237661849851986006
1237657773936083123
1237663456704397703
1237671258515570762
1237672839059341463
1237663231222219001
1237662524157263962
1237663231220842719
1237678579295715477
1237663543675061096
1237668623017967766
1237649920044171427
1237663306381459553
1237666299480375457
1237670458580533612
1237663230162240681
1237666244671768969
1237663230143758558
1237652629105606741
1237673431230120523
1237663274171434048
1237673472571802320
1237648721232330935
1237668730920109430
1237667783348256980
1237670459113603136
1237659161744441722
1237673756573893568
1237666244672358314
1237658492795289836
1237652943696102025
1237667210504962374
1237661949197025506
1237656851586547863
1237663784746549363
1237666245744919814
1237664668982902973
1237662337861419235
1237663238740902121
1237670459117404518
1237661060111074464
1237678892823478628
1237662238006509585
1237660958105731206
1237672763904360564
1237673310965596545
1237661811199967373
1237658302740758651
1237666301091512435
1237663783658455097
1237660344458936860
1237654600495530064
1237648722296373353
1237673757110241252
1237668680455946368
1237655504575660499
1237661384382742717
1237670960019472997
1237657774473281724
1237666215145111715
1237673473108476187
1237661957219876997
1237679167160057980
1237669702663209079
1237661849845432526
1237666463724863573
1237663529186558127
1237652900237606990
1237678583041425536
1237673327613509764
1237666214081266155
1237668271900262476
1237670457511248674
1237671940350411075
1237666215154876579
1237652944233300267
1237663543685677334
1237663547434205253
1237666300016787624
1237648721227743304
1237663234988900622
1237678584648826968
1237666244685529211
1237655473975853876
1237659146169483408
1237648703520178436
1237666275814146077
1237666209248772635
1237658491726921914
1237663784212758648
1237663783135346932
1237674604291162335
1237666275280617633
1237649964068372498
1237662301914792118
1237667322185318405
1237672003685384712
1237670957325287597
1237667429551374760
1237667911668400245
1237663783143735387
1237663785282764906
1237670965922824263
1237664106316365944
1237652901283102789
1237663547967603033
1237655745100513700
1237671558082003699
1237674371824550258
1237663542610493504
1237662238566056350
1237660585518760094
1237669702657900659
1237658302202642607
1237661069264945252
1237663456704856518
1237673756041478578
1237663543675060957
1237660241386864644
1237667208364753063
1237661088026133020
1237672004760046036
1237666215143800916
1237651192422597195
1237669767626621172
1237673451089232112
1237663784201879755
1237666209248314598
1237651753460367504
1237658612521631756
1237669519054995479
1237671266569682994
1237668679927793922
1237667207822180830
1237658611984236633
1237657772321669178
1237664106315710748
1237662224055664743
1237667109572968908
1237667255077175349
1237648722302271548
1237657775546040431
1237667107965501749
1237663787412226655
1237661433783517268
1237660344459198943
1237662475310203235
1237662962781519888
1237672765515432358
1237660584441151683
1237649963527635071
1237662239090213170
1237671260131950628
1237663783672741917
1237657606956187759
1237652948528660517
1237657628971892979
1237648722279465155
1237658493359751267
1237678580354253158
1237658200201625890
1237658200739283068
1237673473108674002
1237669698372239756
1237662225130782760
1237648720161144851
1237660241386733794
1237660635465384038
1237663235518432410
1237657189818761401
1237672024632591945
1237680070171099259
1237659324959096927
1237655108917854250
1237661069235651197
1237654602093232324
1237661055818334470
1237670960013181211
1237655107834478769
1237673430691414370
1237671938742223632
1237671940887217663
1237648721759961391
1237670017274085454
1237661361841373186
1237678583578427483
1237662663210303585
1237659932685697837
1237666245745315053
1237659324948480045
1237661387083088009
1237660614510444642
1237663783667957834
1237651271896989764
1237662664284110997
1237671768539791728
1237667254004678800
1237664092361457671
1237663333222318583
1237652900758552658
1237663783664484447
1237668679919010234
1237666210312552752
1237652616742568008
1237648720690806937
1237653589017690343
1237658191610314904
1237658803116703848
1237667287812538425
1237661949177757878
1237668679927269144
1237673706652500354
1237673474710962354
1237678437018566882
1237648705664188728
1237670456965791979
1237657595150991714
1237661086414602340
1237668272974659755
1237663229609574721
1237671068455862962
1237673328149332026
1237651191883301375
1237649921111556143
1237664671639339233
1237672793423216758
1237671256360747160
1237657776071835829
1237666300017967312
1237661357537362038
1237658203954544926
1237666274740469889
1237648720158064926
1237662661599232224
1237670017272315906
1237666300020392057
1237668352429654344
1237668757237400780
1237673451633509304
1237668298744725552
1237656567048437774
1237663543142908604
1237666463727353966
1237678617398674388
1237678617427509270
1237672764985245923
1237651271360774241
1237676304558588206
1237668730922140282
1237663479263264931
1237648722280382987
1237649963527700671
1237656568111694762
1237663543685153077
1237656496715464966
1237665428646658557
1237673755501528034
1237667736106369050
1237667911680720968
1237670458580861258
1237671260132999267
1237671940338876474
1237663783668547590
1237667252924711138
1237668736295764356
1237660583904215167
1237667783907934285
1237670965386870949
1237663655343161686
1237654669203669137
1237659325489741855
1237655504575660158
1237678617416827071
1237670959476834441
1237673703966703625
1237662264854708457
1237664667902148715
1237654652571418789
1237673843544687131
1237663916262228130
1237654380906938470
1237663230683513122
1237656567041359961
1237662269148889200
1237654601019687028
1237670960013377672
1237652901304729750
1237663480336089244
1237665442071576905
1237657118403592695
1237673757648880826
1237657874330419206
1237662962246484570
1237662962782306675
1237651752408318095
1237661433246646367
1237673710934885346
1237671937114636548
1237678617936265995
1237651539242516613
1237663531337449667
1237652599574757518
1237663229623731806
1237663234977827773
1237662307260760070
1237674459872165948
1237671123768180802
1237671939276669993
1237660344473223208
1237657119477727592
1237655347818987593
1237660344461492475
1237654605322387629
1237658199123493107
1237646792765342231
1237672025709937012
1237651274025533459
1237656567584063510
1237676304558129317
1237663784202600574
1237674650465468541
1237661387078828345
1237656242781159531
1237668272969285660
1237678583575150685
1237671763709657270
1237665582715502831
1237652942636253463
1237651538179326072
1237674372362272795
1237663273095332106
1237651273504981223
1237664835387457812
1237654601019752769
1237670459651784857
1237656569195856040
1237663542600860555
1237651272441069746
1237670015663079429
1237653650766168375
1237657189837045976
1237662198826401975
1237663916271337508
1237678579295649986
1237672025169332176
1237654604785844276
1237668495779430544
1237672817586995202
1237662225687576684
1237660553303687246
1237666273669742763
1237673807044477261
1237670959476244625
1237673285735809299
1237664667898413128
1237661852002877568
1237673756572846312
1237662225677156403
1237668727700128276
1237662262175400279
1237670965923348673
1237670014587961381
1237673808652403440
1237668735758959041
1237648720160882748
1237657587096748180
1237663231225169733
1237666210853552953
1237648705653637230
1237665533325672687
1237656495113240653
1237669767625310319
1237659324943368370
1237666299482210400
1237657874327339020
1237652899163406451
1237670961092559543
1237663784208564311
1237678617407520960
1237667211058741314
1237656495635104262
1237663229626286472
1237669766546587761
1237671122692997336
1237663234453143833
1237670956788154449
1237667782319014201
1237663229077226664
1237658203427307680
1237666215151141078
1237668758312125262
1237660959179014572
1237652899695493243
1237670457508102336
1237663234452553804
1237664105779232958
1237657587096223910
1237673453236650181
1237667205678760404
1237674285924810769
1237671140935925833
1237671256372216052
1237669703199228034
1237662263249535301
1237649962990895167
1237678579292700839
1237652946922963003
1237663272561476918
1237674371285320134
1237659118790312133
1237674283784274073
1237659149389070536
1237667549266247805
1237667212666142963
1237673741009224129
1237672027310196630
1237666309632753986
1237666301628514320
1237648722279465641
1237663229073031477
1237673809724834750
1237661068712739052
1237667783922417938
1237670458581844622
1237665571439313160
1237655742952767745
1237652900756586535
1237668496312172564
1237652599570235403
1237666215692206881
1237655348889059608
1237649962995810538
1237663784742748350
1237663230699111671
1237663457776828698
1237657070090518706
1237655348889256007
1237671261206151371
1237651203694985375
1237664087534732220
1237655107295576236
1237659326567874676
1237671969865728116
1237668272969351253
1237661951329632455
1237680071250870342
1237657190907379879
1237661362906267742
1237652947991134241
1237654948377526314
1237667551954665569
1237658205578788929
1237671936042336685
1237667206753026079
1237655368758263864
1237673739393892589
1237658493871653008
1237667228229632154
1237673699668721703
1237672027307705546
1237656495117107431
1237670015664062510
1237655125547089985
1237670016192675963
1237661949716791426
1237667254018572364
1237662635831591084
1237652943158837938
1237678617431048294
1237660239777824855
1237663543137861713
1237666227496485254
1237665128545583178
1237659119869755610
1237657222562316438
1237652899698507838
1237671068455797319
1237663278467383472
1237651539778207765
1237656242773164206
1237658803115983026
1237667446731047000
1237671261742563472
1237666215154680242
1237658205587505361
1237673451634295747
1237657191446544497
1237666432576520258
1237663782601490612
1237655744026837131
1237648675042558103
1237670456967757834
1237655504570548483
1237663542611804319
1237672816512532869
1237672003685189063
1237661069253804348
1237671567208677698
1237652942636712130
1237651272967651481
1237666210317205793
1237658492269690889
1237660344465293514
1237678579280314853
1237666463187600039
1237666465340326289
1237656569721848584
1237663543148019908
1237660763770912841
1237662195067191353
1237649920575209569
1237667212121800755
1237673327072706813
1237673738325263148
1237673705041363237
1237673808117301403
1237663234448753321
1237652900775461126
1237657628971827470
1237673710400438922
1237658612520583211
1237670014578065637
1237673708250006189
1237664092903440442
1237666216228749826
1237651273498493005
1237666227497927830
1237678877783490638
1237648721772019841
1237662224081944814
1237649964070273126
1237676304558391600
1237662224592797698
1237658302202970379
1237657191446347811
1237673311502664195
1237663229087777143
1237654604248187081
1237666338113978612
1237656906353344639
1237672795040055308
1237663783134888127
1237653442986967251
1237667254003171330
1237651271898497370
1237662962242094868
1237657071693594747
1237661360758063220
1237659934833771025
1237651272962015281
1237666244136469725
1237665566073421952
1237666430430020826
1237673706109666223
1237663229614163124
1237667254014574695
1237666274203074590
1237665351317454925
1237657608034910263
1237666215144325279
1237648720165011520
1237665356154798262
1237661086414996150
1237673474182611779
1237657070092157074
1237673451634360758
1237652600634934167
1237663542602826520
1237666463186027146
1237666463727616224
1237657191977517236
1237654653107699795
1237668680455684355
1237664667360559222
1237663234985427414
1237671261731357086
1237663229086926051
1237663783128727767
1237663228534587655
1237674650461864086
1237667211058348168
1237651273495347356
1237671261199138993
1237661362906005637
1237663784211054829
1237662637451837909
1237663716554768581
1237654604248907964
1237667212128420075
1237678617404703104
1237662237479862524
1237663277929791640
1237658424078434392
1237657630589124819
1237667255614374062
1237657242969440377
1237661136880599266
1237668271379251378
1237668730921157595
1237673452162973951
1237667910599114806
1237662239101878591
1237652947991920750
1237645943978655958
1237663789574455432
1237657117873209476
1237663233370817391
1237648721227087971
1237663229072048858
1237667211047272753
1237657190907379820
1237669697297318133
1237663307451597229
1237662964395344300
1237663783656358082
1237663480336154759
1237663480335630478
1237673705041101124
1237650762923769949
1237663783660028015
1237661357535068328
1237657190909411531
1237656567046603028
1237663783679099114
1237656567041687993
1237671125366014318
1237667783348060623
1237661852002680915
1237663783680540811
1237652599575150669
1237661949715218623
1237661066554769822
1237663716017111140
1237670017266483306
1237672796106653824
1237667209967173977
1237658203426783350
1237665583257748019
1237663548504801600
1237649919507693709
1237657190369525910
1237665430242066740
1237657190370246851
1237652899694247988
1237660412652486811
1237648721222631698
1237652944233103991
1237652947454787714
1237673757113582448
1237673703962444803
1237657190366970031
1237652948529053811
1237668270827372674
1237652943157265172
1237666300019146870
1237666300020850826
1237673708252824001
1237665549975421114
1237666209785186390
1237654953211134415
1237662526839259316
1237653650772525196
1237671939276932369
1237661055818335589
1237652901296013457
1237663275781718106
1237668735224250893
1237663784203321535
1237668705688421035
1237655473975919353
1237667205672272940
1237663233371997100
1237653651839320354
1237659743704515229
1237657776072229318
1237654391644553395
1237667252924514500
1237663234446131783
1237648704577470617
1237665582721139078
1237660024495276236
1237656241700602151
1237656239009366485
1237662195067846825
1237657191444119736
1237657070628503678
1237663784204763241
1237663917872054619
1237673283587932451
1237663784742224024
1237653651302645905
1237663784743338137
1237663480334909583
1237663235522560349
1237662475307254171
1237658200201560296
1237663237667160134
1237662224066347203
1237667912746795124
1237656495097971257
1237661464384504560
1237663204919410861
1237662300834169041
1237651701378449566
1237657191978631316
1237666211927753836
1237678617436422231
1237658200197366003
1237648720690217219
1237657190366838898
1237665567683838175
1237649921111687338
1237649921112015012
1237657190906986644
1237660241385029822
1237667915955830957
1237663784740192373
1237678617423052893
1237656539126431884
1237667252924645502
1237666090053206173
1237657191976992955
1237663783129579742
1237658204491350364
1237666209782564024
1237663782590677208
1237663783135412347
1237657191981121643
1237678617934234337
1237655370365599829
1237663275779424442
1237661813346468039
1237663784200700028
1237663716019536006
1237651067351138420
1237663235517384306
1237663784216821909
1237668352429851244
1237661361842356551
1237662238544429416
1237664338790711412
1237669763332243684
1237666186185015696
1237663234979727198
1237674370751988311
1237656567582490847
1237671940347790008
1237667210512040072
1237663547977367826
1237657190910853280
1237652629101281465
1237663783125778551
1237666407921483943
1237661950788698158
1237652901831835735
1237657190910984306
1237669767089160243
1237657190907052157
1237657191979614335
1237655130910228718
1237666214608175275
1237648722322522207
1237663716017438889
1237657192517009597
1237663783659241564
